# This file may be used to create an environment using:
# $ conda create --name <env> --file <this file>
# platform: win-64
# created-by: conda 24.11.3
blas=1.0=mkl
blinker=1.9.0=py39haa95532_0
bottleneck=1.4.2=py39hc99e966_0
bzip2=1.0.8=h2bbff1b_6
ca-certificates=2025.7.15=haa95532_0
chardet=4.0.0=py39haa95532_1003
click=8.1.8=py39haa95532_0
colorama=0.4.6=py39haa95532_0
et_xmlfile=1.1.0=py39haa95532_0
expat=2.7.1=h8ddb27b_0
flask=3.1.0=py39haa95532_0
flask-excel=0.0.7=py_0
importlib-metadata=8.5.0=py39haa95532_0
intel-openmp=2023.1.0=h59b6b97_46320
itsdangerous=2.2.0=py39haa95532_0
jinja2=3.1.6=py39haa95532_0
libffi=3.4.4=hd77b12b_1
lml=0.2.0=pyhd8ed1ab_0
markupsafe=3.0.2=py39h827c3e9_0
mkl=2023.1.0=h6b88ed4_46358
mkl-service=2.4.0=py39h827c3e9_2
mkl_fft=1.3.11=py39h827c3e9_0
mkl_random=1.2.8=py39hc64d2fc_0
neo4j=5.28.1=hd3eb1b0_0
neo4j-python-driver=5.28.1=py39haa95532_0
networkx=3.2.1=pypi_0
numexpr=2.10.1=py39h4cd664f_0
numpy=2.0.1=py39h055cbcc_1
numpy-base=2.0.1=py39h65a83cf_1
openpyxl=3.1.5=py39h827c3e9_1
openssl=3.0.17=h35632f6_0
pandas=2.3.1=py39h885b0b7_0
pip=25.1=pyhc872135_2
pyexcel=0.7.3=pyhd8ed1ab_0
pyexcel-io=0.6.7=pyhd8ed1ab_0
pyexcel-webio=0.1.4=py_0
python=3.9.23=h716150d_0
python-dateutil=2.9.0post0=py39haa95532_2
python-tzdata=2025.2=pyhd3eb1b0_0
pytz=2025.2=py39haa95532_0
setuptools=78.1.1=py39haa95532_0
six=1.17.0=py39haa95532_0
sqlite=3.50.2=hda9a48d_1
tbb=2021.8.0=h59b6b97_0
texttable=1.6.4=pyhd3eb1b0_0
tk=8.6.14=h5e9d12e_1
typing_extensions=4.14.1=pyhe01879c_0
tzdata=2025b=h04d1e81_0
ucrt=10.0.22621.0=haa95532_0
vc=14.3=h2df5915_10
vc14_runtime=14.44.35208=h4927774_10
vs2015_runtime=14.44.35208=ha6b5a95_10
werkzeug=3.1.3=py39haa95532_0
wheel=0.45.1=py39haa95532_0
xz=5.6.4=h4754444_1
zipp=3.21.0=py39haa95532_0
zlib=1.2.13=h8cc25b3_1
